0.0005409995746146835
0.00043972570896195454
0.0004237523257708225
0.00038891626858068254
0.00037732924745016917
0.00037235945082362117
0.0003694409254454253
0.0003676410656063516
0.0003664456296519347
0.0003655452185609777
0.0003647580574417069
0.0003633722817215
0.0003504517656145773
0.00031206615868281266
0.00028478050410285505
0.0002630712330723587
0.0002468619292536849
0.00023083398151259513
0.00020716141746593815
0.000175296564488495
0.00015435072434196888
0.00012967648629163314
9.982359711508642e-05
8.221070222751743e-05
6.983661504632112e-05
6.020340150111484e-05
5.298795068548705e-05
4.6662648697650055e-05
4.13607941506403e-05
3.7081413009129195e-05
3.3840218382660426e-05
3.119350984803759e-05
2.9043088852225602e-05
2.7067653612838122e-05
2.5261414662176257e-05
2.366610781885064e-05
2.2356853144397553e-05
2.1140597992440136e-05
1.995907061872312e-05
1.9064306951881755e-05
1.808487489134742e-05
1.7161859058692892e-05
1.6398245195249827e-05
1.540239774249536e-05
1.49299229441624e-05
1.4390545046641787e-05
1.3969215613838872e-05
1.3534750002414902e-05
1.315975967334079e-05
1.280375159775003e-05
1.248675899948434e-05
1.2094449700025425e-05
1.1750542265939348e-05
1.1390959233129447e-05
1.1098156034807158e-05
1.0834177885245464e-05
1.0450129182818354e-05
1.024461012479248e-05
1.0005436193085058e-05
9.796829710140287e-06
9.50101698065404e-06
9.270417886802257e-06
9.004681694640177e-06
8.822226775657377e-06
8.711525897098227e-06
8.47954329457374e-06
8.220197423319015e-06
8.062517671650734e-06
7.890294070429199e-06
7.775054630850978e-06
7.625063574323576e-06
7.437742013267317e-06
7.274693687188614e-06
7.153859083405426e-06
7.0936676579742245e-06
6.9827445252000435e-06
6.794098649771334e-06
6.708507632069427e-06
6.631636639704246e-06
6.468626754241313e-06
6.347062303291295e-06
6.241752192691154e-06
6.139633456493852e-06
6.092097019231143e-06
6.030122007695736e-06
5.9016701161596075e-06
5.7362085253182774e-06
5.72597139417549e-06
5.680944703862727e-06
5.566773831487483e-06
5.543265379032951e-06
5.495702124491686e-06
5.422411438209858e-06
5.313113249170799e-06
5.217899117100038e-06
5.1964790702844055e-06
5.106438463060263e-06
5.118077418637361e-06
5.011159534503865e-06
4.912083505154945e-06
4.842924263012297e-06
4.781136089196788e-06
4.756394828537529e-06
4.726174113527699e-06
4.6353827275627935e-06
4.64170942653703e-06
4.547967145107634e-06
4.539307558218805e-06
4.485091999826908e-06
4.451232369108636e-06
4.314327723393367e-06
4.335909742232096e-06
4.2672420666229575e-06
4.235842961021673e-06
4.199627416870807e-06
4.143813145190174e-06
4.071826632122212e-06
4.049953127907965e-06
4.009804708588709e-06
3.964982267084289e-06
3.866602367619265e-06
3.874122223341507e-06
3.817208134598056e-06
3.777932144328438e-06
3.7267679638170696e-06
3.713440704267157e-06
3.6706981618728207e-06
3.578786402843751e-06
3.525429943973535e-06
3.4912647119332363e-06
3.413867359850339e-06
3.308994983416572e-06
3.261945954933866e-06
3.2231552272245423e-06
3.1818194517553777e-06
3.1306941220713265e-06
3.0856902995297323e-06
3.0705184354154876e-06
3.0810722901897236e-06
3.0063624362356274e-06
2.9835463643783962e-06
2.9345497254418262e-06
2.953672349878137e-06
2.945744959768705e-06
2.8743435157732985e-06
2.874230045555949e-06
2.8699499303413186e-06
2.829703837406835e-06
2.800943932726848e-06
2.7697346044939863e-06
2.7849463805867155e-06
2.758343196042544e-06
2.745346465620508e-06
2.7210351488512633e-06
2.6549332312608698e-06
2.6911773340592456e-06
2.6833034695781876e-06
2.6095370708586633e-06
2.6106615280685475e-06
2.58639663299119e-06
2.5809565926682154e-06
2.597629190668828e-06
2.5205283631685963e-06
2.524758577601308e-06
2.553023404017196e-06
2.484092285838711e-06
2.499348759986221e-06
2.4407131030531763e-06
2.484377536360327e-06
2.4127139077417022e-06
2.412176435801732e-06
2.3678612190039923e-06
2.382868269653774e-06
2.356006175231938e-06
2.3547702563726195e-06
2.3397118515955384e-06
2.3537451247422425e-06
2.312514304841124e-06
2.301872783589636e-06
2.3276844518527184e-06
2.28746374930644e-06
2.286257850465339e-06
2.2348444476445143e-06
2.2503621457868406e-06
2.190971472217283e-06
2.211694171662591e-06
2.196910839516849e-06
2.1844284580233416e-06
2.1644895206650105e-06
2.164823097418532e-06
2.1358356927038613e-06
2.1421547497433935e-06
2.1561306149545497e-06
2.100699820396988e-06
2.1002525689864778e-06
2.1109152935786365e-06
2.0909583290215243e-06
2.0795693472479878e-06
2.1040747097649567e-06
2.042515321860299e-06
2.0598089750205924e-06
2.0757643443320665e-06
2.035190254609124e-06
2.0479435256197983e-06
2.0108443569461746e-06
2.0142680343353855e-06
1.9883119315761936e-06
1.9842178337693895e-06
2.0129032183925844e-06
2.0270865373246087e-06
1.9984636652996864e-06
1.9661408060851163e-06
1.9679484539736336e-06
1.9671997115722206e-06
1.9445616251350425e-06
1.9038878239507895e-06
1.952980688930366e-06
1.8917258015616056e-06
1.9040876206379207e-06
1.9087425185177712e-06
1.892454771271598e-06
1.880346325327282e-06
1.920445853691761e-06
1.8896338342479422e-06
1.898038890248342e-06
1.87338655287052e-06
1.8498689116392647e-06
1.8568334913300028e-06
1.829709150984777e-06
1.8700991015276256e-06
1.824027015444913e-06
1.8318420958689835e-06
1.8053042989249083e-06
1.8221538123760643e-06
1.8068735011216624e-06
1.808443469435745e-06
1.8264304642975508e-06
1.7751771254863918e-06
1.7433664775769384e-06
1.7786091358765584e-06
1.778147530868373e-06
1.7666650852867148e-06
1.7808501706152922e-06
1.772973979693607e-06
1.732134749679989e-06
1.7832847710730348e-06
1.7499656896743536e-06
1.739510746429878e-06
1.7063968316926342e-06
1.7080278937241035e-06
1.7412568758296793e-06
1.6929601851511933e-06
1.7222998487387287e-06
1.7121591150732435e-06
1.6920669096341458e-06
1.705601988009699e-06
